,Subject,Valence,Arousal,Confidence,RT,Accuracy,MetadPrime,dPrime,HR,FAR,Mratio,Reject
0,11113,High,High,3.962121212121212,1.7952162333531305,0.7121212121212122,1.77291016038168,1.10779637078802,0.6392773892773891,0.27884615384615397,1.60039354445668,0
1,11113,High,Low,3.7803030303030303,1.6582568969315616,0.75,1.5172629278363001,1.39546018261224,0.656674208144796,0.286130536130536,1.08728500228223,0
2,11113,Low,High,3.2977099236641223,1.9268664578557944,0.7022900763358778,1.25333387731192,1.07094475647559,0.631549609810479,0.3515625,1.17030674993598,0
3,11113,Low,Low,3.3851851851851853,1.842308516526828,0.7111111111111111,0.9711652375283821,1.09439636363196,0.6492537313432839,0.38296703296703294,0.887398085192265,0
4,11114,High,High,3.6382978723404253,1.5818286107969468,0.7304964539007093,1.24173341930293,1.2318448556968702,0.6401098901098901,0.313487881981033,1.00802744238475,0
5,11114,High,Low,4.069444444444445,1.4892098193522543,0.7916666666666666,1.83016289255357,1.6026415469519402,0.725961538461538,0.27286902286902304,1.14196645908397,0
6,11114,Low,High,3.3472222222222223,1.5367326492414577,0.8333333333333334,1.21288931745385,1.9085286237436203,0.707799145299145,0.327962577962578,0.6355101528814089,0
7,11114,Low,Low,3.360544217687075,1.575480256869923,0.7074829931972789,1.5344287455390901,1.11377902209678,0.645641025641026,0.323804573804574,1.37767790117865,0
8,11115,High,High,3.554054054054054,1.7218983724305872,0.7162162162162162,1.4996154682510803,1.20838894726361,0.6260121457489879,0.284303534303534,1.24100395956696,0
9,11115,High,Low,3.4689655172413794,1.6301513608777896,0.7241379310344828,1.44834708472644,1.18664768246567,0.672813487881981,0.343555093555094,1.2205367322818201,0
10,11115,Low,High,3.1156462585034013,1.7650595761660952,0.7006802721088435,0.7490753546666329,1.04853712560023,0.603430353430353,0.37589743589743607,0.7144004121340258,0
11,11115,Low,Low,3.3175675675675675,1.811334325248026,0.6891891891891891,1.0028179519021299,0.984040232480712,0.6394871794871789,0.38820512820512804,1.01908226798216,0
12,11116,High,High,4.72108843537415,1.362867751304293,0.7687074829931972,1.55051020288665,1.61458398123927,0.6712820512820511,0.209459459459459,0.9603156112675899,0
13,11116,High,Low,5.061643835616438,1.131214254637598,0.7465753424657534,2.0139091114819,1.49587574186009,0.653326403326403,0.17411642411642403,1.3463077547989601,0
14,11116,Low,High,4.831081081081081,1.2637009702302748,0.75,1.45730729198724,1.4423707694589698,0.6595634095634101,0.232287449392713,1.01035553606918,0
15,11116,Low,Low,3.865771812080537,1.2517669771623332,0.7181208053691275,1.4360123560251299,1.2326999590441399,0.6558974358974361,0.306174089068826,1.1649325900348402,0
16,11117,High,High,3.0208333333333335,1.6021210462640738,0.7013888888888888,0.784173510626909,1.10423377321253,0.564278187565859,0.338777660695469,0.7101517175530021,0
17,11117,High,Low,2.893617021276596,1.4285404024412856,0.7092198581560284,1.2766458314655,1.11840439468856,0.596153846153846,0.338777660695469,1.14148856847169,0
18,11117,Low,High,3.0208333333333335,1.4127474826673279,0.7361111111111112,0.718446857116048,1.28390028862043,0.5916754478398311,0.34193888303477304,0.5595815060436109,0
19,11117,Low,Low,2.6875,1.6272679093963234,0.7291666666666666,1.08964239650243,1.2016882236613502,0.626923076923077,0.38613360323886603,0.9067596528344691,0
20,11118,High,High,4.208053691275167,1.308998564723879,0.7919463087248322,2.0239564487060497,1.61958172568369,0.734871794871795,0.254554655870445,1.24967849205119,0
21,11118,High,Low,4.285714285714286,1.339559461659519,0.7346938775510204,2.62958533498083,1.31900296079784,0.728717948717949,0.22297297297297303,1.99361594563082,0
22,11118,Low,High,3.5547945205479454,1.4566901044890983,0.7465753424657534,1.70161031815235,1.31399740332302,0.68970893970894,0.322765072765073,1.29498758053028,0
23,11118,Low,Low,3.547945205479452,1.3370547987869943,0.7945205479452054,1.58581443444618,1.68251652079195,0.66754478398314,0.27025641025641,0.942525327299457,0
24,11119,High,High,5.0,0.8510637478757417,0.8082191780821918,3.0956281746560603,1.72063725979523,0.7957380457380459,0.17931392931392898,1.79911724974761,0
25,11119,High,Low,5.061224489795919,0.8605752111179754,0.8435374149659864,2.92979654023857,2.04608236834016,0.840512820512821,0.211538461538462,1.4319054724152198,0
26,11119,Low,High,4.537414965986395,0.9510500816977584,0.7687074829931972,2.56334855460935,1.60911305561977,0.731288981288981,0.19128205128205103,1.5930195492833399,0
27,11119,Low,Low,4.333333333333333,0.9558890614716802,0.7755102040816326,2.31831900846987,1.81864444291417,0.6938461538461539,0.17619542619542602,1.27475110239527,0
28,11120,High,High,4.102739726027397,1.4584766783373198,0.773972602739726,1.29384231571017,1.48721485376434,0.716410256410256,0.32718651211801897,0.8699767302856609,0
29,11120,High,Low,4.448275862068965,1.280305839754874,0.8482758620689655,1.96980334484562,2.03082008795751,0.7832640332640329,0.249209694415174,0.9699546289335459,0
30,11120,Low,High,4.033783783783784,1.4559646386333043,0.7432432432432432,1.47883598068625,1.29106242933696,0.6917948717948721,0.32358974358974396,1.14544110887474,0
31,11120,Low,Low,4.0137931034482754,1.5143459425598849,0.7310344827586207,1.4855311653583898,1.23529695728111,0.689673340358272,0.324844074844075,1.2025700837376398,0
32,11121,High,High,3.7103448275862068,1.629108469200219,0.7379310344827587,1.8321941639033401,1.25489133654405,0.722972972972973,0.34720758693361403,1.46004208535631,0
33,11121,High,Low,4.527027027027027,1.517334207197564,0.8378378378378378,1.2998073843006699,1.94684880864977,0.737348178137652,0.259355509355509,0.667646803658139,0
34,11121,Low,High,4.1866666666666665,1.6722216715124887,0.74,1.754388190347,1.26960378043665,0.700910931174089,0.308198380566802,1.38183913546919,0
35,11121,Low,Low,4.578231292517007,1.5536000544079798,0.7959183673469388,2.05046774603785,1.6720155222554298,0.7738461538461541,0.28534303534303496,1.22634492248727,0
36,11122,High,High,4.606896551724138,1.2902978479050944,0.7862068965517242,1.71943579131356,1.6198009817348502,0.6907894736842111,0.21397616468039002,1.06151052549184,0
37,11122,High,Low,4.837837837837838,1.377417357592094,0.7702702702702703,1.8655297284166101,1.4684407298194297,0.7133333333333329,0.241538461538462,1.2704154076726002,0
38,11122,Low,High,4.547297297297297,1.4183806274552353,0.7635135135135135,2.0538762718574097,1.41455768317778,0.7667004048583,0.29989604989605,1.4519565347405299,0
39,11122,Low,Low,4.136054421768708,1.367311637545754,0.7346938775510204,2.05782326408361,1.23531334178712,0.706340956340956,0.28974358974359005,1.66583100374077,0
40,11123,High,High,4.2885906040268456,1.1249552883273282,0.7516778523489933,1.4874275470087002,1.4609297566793502,0.644230769230769,0.250769230769231,1.01813762106508,0
41,11123,High,Low,4.431506849315069,1.127176836867875,0.726027397260274,2.04608046399723,1.27528524351378,0.634358974358974,0.222866174920969,1.6044100521070002,0
42,11123,Low,High,4.563758389261745,1.0707485415568954,0.7449664429530202,1.54040400035896,1.30640739946176,0.678461538461538,0.27985829959514197,1.1791145709934099,0
43,11123,Low,Low,4.224489795918367,1.085631793968787,0.6802721088435374,1.25857449480333,0.922545933631539,0.6475237091675451,0.347672064777328,1.36424046643297,0
44,11124,High,High,4.971014492753623,1.2180900805187775,0.8043478260869565,1.92427644436025,1.7127663773279398,0.7798216276477149,0.26273022751895997,1.1234903194224801,0
45,11124,High,Low,4.76595744680851,1.1457835889959824,0.7872340425531915,2.36257552424734,1.69999405962455,0.7163461538461541,0.180390032502709,1.38975516465577,0
46,11124,Low,High,5.006896551724138,1.22348404283548,0.8758620689655172,2.0800817643830602,2.2598339117905497,0.8076923076923079,0.203222453222453,0.92045780600528,0
47,11124,Low,Low,4.791946308724833,1.2577514549175248,0.8657718120805369,2.29739108817229,2.1725907678539,0.793333333333333,0.209008097165992,1.05744308691953,0
48,11125,High,High,4.8561643835616435,1.7566316960565018,0.7602739726027398,1.42442797854376,1.40339003564618,0.688568376068376,0.260627530364372,1.01499080253045,0
49,11125,High,Low,4.739726027397261,1.6955215099242196,0.684931506849315,1.68178605352101,1.01907777207585,0.6158906882591091,0.258012820512821,1.6503019687057299,0
50,11125,Low,High,5.2,1.6409495863099437,0.8066666666666666,2.06304746200445,1.7025948495409,0.7545546558704449,0.22419028340081,1.21170780151293,0
51,11125,Low,Low,4.54421768707483,1.7285663461534568,0.7278911564625851,1.09823335530909,1.22540556560092,0.624341412012645,0.27884615384615397,0.896220309535259,0
52,11126,High,High,3.8541666666666665,1.8968750751864718,0.6597222222222222,1.82380655259193,0.840188794000846,0.656444906444906,0.314636752136752,2.17071039939398,0
53,11126,High,Low,3.7465753424657535,1.8634567295275701,0.7191780821917808,1.48722021328832,1.1621467598799198,0.660602910602911,0.308212058212058,1.27971807402533,0
54,11126,Low,High,4.760273972602739,1.80195416071183,0.7397260273972602,1.50995803703612,1.3091931193908501,0.6651282051282049,0.23972602739725998,1.1533501167029399,0
55,11126,Low,Low,4.352112676056338,1.8680945529549717,0.7323943661971831,1.7336850974376898,1.2303704549761898,0.700320512820513,0.284722222222222,1.4090756897045702,0
56,11127,High,High,4.605633802816901,1.4231681046585436,0.7887323943661971,2.4404751806203504,1.67730059487878,0.74868282402529,0.197724810400867,1.45500167833466,0
57,11127,High,Low,4.715277777777778,1.3061874537852418,0.8333333333333334,2.47590718002006,1.92233143250555,0.7665598290598291,0.186590436590437,1.2879710221421001,0
58,11127,Low,High,3.9722222222222223,1.4959195687151805,0.7291666666666666,1.91407339812994,1.2251712686916498,0.6907484407484411,0.278311965811966,1.5622904707632899,0
59,11127,Low,Low,4.299319727891157,1.5367992698556918,0.8027210884353742,1.85977081615826,1.6741285046826802,0.7434210526315791,0.260800842992624,1.11088892576425,0
60,11128,High,High,3.6,1.4958278115318535,0.7,1.21893582055321,1.04062837237041,0.623076923076923,0.336969001148106,1.17134594146866,0
61,11128,High,Low,3.7238805970149254,1.3971740244160171,0.753731343283582,1.11396132231014,1.35295134592193,0.673913043478261,0.345005740528129,0.823356527688772,0
62,11128,Low,High,3.6857142857142855,1.4029683474418562,0.7785714285714286,0.320809132428912,1.5584378189813999,0.642307692307692,0.34241452991453,0.20585302058351898,0
63,11128,Low,Low,2.6564885496183206,1.4163052031835832,0.648854961832061,1.1488396296693602,0.7952457080383628,0.549704142011834,0.36368778280543,1.4446348066476298,0
64,11129,High,High,4.76510067114094,1.2385854691528948,0.7718120805369127,1.5785005029941601,1.48962863366494,0.6847165991902829,0.24666666666666698,1.05966041959771,0
65,11129,High,Low,4.283783783783784,1.2472280314086674,0.7702702702702703,1.19339433112907,1.45720999266379,0.695897435897436,0.312307692307692,0.818958377404163,0
66,11129,Low,High,4.228187919463087,1.2741749056585832,0.7181208053691275,1.01771060502534,1.13800958926907,0.664473684210526,0.34923076923076896,0.8942900082933449,0
67,11129,Low,Low,4.216216216216216,1.295479035761673,0.6486486486486487,1.31306439800284,0.7570655144044229,0.606666666666667,0.34615384615384603,1.73441316903177,0
68,11130,High,High,5.02054794520548,1.2848482369572594,0.8013698630136986,2.39549266601665,1.7528616389387899,0.737525987525988,0.19178794178794198,1.36661822747569,0
69,11130,High,Low,5.328859060402684,1.166823378069239,0.825503355704698,2.7435457835784196,1.84984550287128,0.808198380566802,0.19333333333333302,1.4831215792453798,0
70,11130,Low,High,4.871621621621622,1.3701534552710655,0.8513513513513513,1.7234316624416501,2.05648350574893,0.7946985446985451,0.24746963562753,0.838047889819574,0
71,11130,Low,Low,4.533783783783784,1.426674622538485,0.8108108108108109,1.8577293129360402,1.7396147802903899,0.758461538461539,0.263076923076923,1.0678969470620001,0
72,11131,High,High,3.75,1.2972378319100244,0.7071428571428572,1.32024532406427,1.38702112802075,0.658179848320693,0.30498374864572,0.951856678598853,1
73,11131,High,Low,3.764705882352941,1.3780130110826576,0.6985294117647058,1.1110222130310101,1.27897388594868,0.628205128205128,0.314938684503902,0.868682484636429,1
74,11131,Low,High,3.4100719424460433,1.3587334614567226,0.5683453237410072,1.44248766149107,0.458446831107859,0.533516483516484,0.3136511375948,3.14646664260985,1
75,11131,Low,Low,3.0208333333333335,1.194540658267215,0.6180555555555556,1.00766510503887,1.1273199497788202,0.5543589743589741,0.32773564463705296,0.8938590195592429,1
76,11132,High,High,4.640287769784172,1.4730563856282968,0.7266187050359713,1.69261008641114,1.28613656613194,0.6527627302275191,0.24010989010989003,1.31604227030234,0
77,11132,High,Low,5.042253521126761,1.4419285607727943,0.7676056338028169,1.86768887508255,1.5951692404163,0.7045940170940171,0.20886752136752101,1.17084057776536,0
78,11132,Low,High,4.610294117647059,1.413259677370661,0.7426470588235294,1.4285738923404598,1.33908302019407,0.693979933110368,0.27480490523968804,1.06682996557855,0
79,11132,Low,Low,4.945205479452055,1.3459809219493764,0.7671232876712328,1.72573166537069,1.46832603653765,0.7075869336143309,0.237435897435897,1.17530549920644,0
80,11133,High,High,4.837837837837838,1.3436299499298912,0.831081081081081,2.10165803215545,1.88791957193427,0.7769230769230769,0.22410256410256402,1.11321375306374,0
81,11133,High,Low,4.863945578231292,1.2745845696335891,0.8571428571428571,2.03306799065347,2.11642044224303,0.767692307692308,0.194906444906445,0.960616307645742,0
82,11133,Low,High,4.446666666666666,1.3572635473756236,0.7666666666666667,1.77700593101468,1.43593535060291,0.7403846153846151,0.308198380566802,1.2375250252517,0
83,11133,Low,Low,4.626666666666667,1.459003929499886,0.7733333333333333,1.7358704936381,1.48153257924258,0.718117408906883,0.26366396761133604,1.17167217107406,0
84,11134,High,High,5.616438356164384,1.0067409963085083,0.815068493150685,2.32547806526279,1.80314369576176,0.743055555555556,0.16751012145749,1.28967983568296,0
85,11134,High,Low,5.715277777777778,1.0301590051385574,0.875,2.9447217608341605,2.27073754345555,0.8382507903055849,0.150158061116965,1.29681290967381,0
86,11134,Low,High,5.5,1.0797877579025226,0.8378378378378378,2.12412426322379,1.9369406052752098,0.812370062370062,0.20698380566801605,1.09663882177842,0
87,11134,Low,Low,5.22972972972973,1.0817638934968272,0.777027027027027,2.10817194910471,1.5951761865333998,0.694838056680162,0.177234927234927,1.3215919137347099,0
88,11135,High,High,4.583333333333333,1.666613573965151,0.7986111111111112,1.9081008257827698,1.64443278302994,0.7345085470085471,0.251039501039501,1.16033981168085,0
89,11135,High,Low,4.924137931034482,1.4859605882083995,0.7724137931034483,2.06736911433511,1.55854666168929,0.6907270811380399,0.203222453222453,1.32647238940817,0
90,11135,Low,High,3.6433566433566433,1.6630396809487138,0.7482517482517482,1.2885855332670701,1.38634178478574,0.633575883575884,0.29523293607800605,0.9294861825622779,0
91,11135,Low,Low,4.219178082191781,1.5447534621707746,0.7671232876712328,1.45999530419668,1.4737050364779498,0.672307692307692,0.267123287671233,0.9906970988481919,0
92,11136,High,High,4.178082191780822,1.6825079919653945,0.6301369863013698,1.54772968934598,0.653022241108891,0.6239878542510121,0.36057692307692296,2.3701025660592996,0
93,11136,High,Low,4.102739726027397,1.6073639923051815,0.773972602739726,1.5871282391614898,1.48179336453849,0.7086406743940992,0.3,1.07108607525436,0
94,11136,Low,High,4.0137931034482754,1.6071189001668245,0.7241379310344828,1.5226313406454501,1.17163242942083,0.686666666666667,0.333867521367521,1.2995810822666598,0
95,11136,Low,Low,3.9047619047619047,1.6377255834086102,0.7482993197278912,1.32786271696265,1.31756757489917,0.6637214137214139,0.309230769230769,1.0078137488046999,0
96,11137,High,High,3.2266666666666666,1.5807089335939963,0.7933333333333333,1.24348012624825,1.66289647519901,0.6422064777327929,0.302125506072875,0.747779639198183,0
97,11137,High,Low,3.363013698630137,1.457660892556305,0.7602739726027398,1.8707952638265601,1.3953391933802501,0.689673340358272,0.312307692307692,1.3407458721879,0
98,11137,Low,High,2.6577181208053693,1.711028429781436,0.7315436241610739,1.0913597574210299,1.22080450853074,0.633333333333333,0.37904858299595096,0.8939676662355229,0
99,11137,Low,Low,2.7635135135135136,1.6585516630439088,0.7094594594594594,0.903145703285564,1.09919352514142,0.591599190283401,0.361226611226611,0.821643944062871,0
100,11138,High,High,2.5179856115107913,1.5481456886627711,0.5755395683453237,1.1945466153011002,0.40336586535333097,0.5585048754062839,0.384065934065934,2.96144695896548,1
101,11138,High,Low,3.08955223880597,1.5248064365514438,0.7089552238805971,1.32676192474333,1.08702726151224,0.6136624569460389,0.34503901895206196,1.2205415371989599,1
102,11138,Low,High,3.1666666666666665,1.5890516955187195,0.6944444444444444,1.67390624278118,1.05402817255239,0.60432033719705,0.292413066385669,1.58810389168984,1
103,11138,Low,Low,2.688888888888889,1.5293534732481933,0.5925925925925926,1.2952479346610901,0.46575735521563394,0.5987370838117111,0.404945054945055,2.78095003794716,1
104,11139,High,High,4.02027027027027,1.1158354530343786,0.7837837837837838,1.82338158219598,1.66214144292555,0.705971659919028,0.25727650727650697,1.09700747187112,0
105,11139,High,Low,4.423611111111111,1.1237356798083056,0.7986111111111112,1.77102987375861,1.77093743487815,0.742723492723493,0.251602564102564,1.00005219771102,0
106,11139,Low,High,3.1476510067114094,1.1905518080602633,0.7449664429530202,0.8964385357088291,1.45893285982374,0.608805668016194,0.314358974358974,0.61444810819953,0
107,11139,Low,Low,3.2684563758389262,1.2057093746989267,0.6778523489932886,1.71867307655303,1.11635605669036,0.5810256410256409,0.265688259109312,1.53953845303474,0
108,11140,High,High,3.1338028169014085,1.5762379318548483,0.7112676056338029,1.68694106362231,1.3188162622722601,0.648577449947313,0.30931744312026,1.27913274341627,0
109,11140,High,Low,2.6808510638297873,1.5423395071557024,0.7092198581560284,1.08453763637011,1.28399938410985,0.593956043956044,0.338777660695469,0.8446558851910829,0
110,11140,Low,High,2.7902097902097904,1.511677325281198,0.6783216783216783,0.8890237883382471,1.1893728055168702,0.584935897435897,0.350368809272919,0.7474727723843521,0
111,11140,Low,Low,2.510344827586207,1.3674114067398475,0.6689655172413793,1.1026574112531102,1.642043768508,0.584935897435897,0.35230769230769204,0.671515237535363,0
112,11141,High,High,5.048951048951049,1.4473187221447006,0.8111888111888111,1.53814097231644,1.80629980685586,0.6801896733403578,0.18322649572649602,0.851542455177366,0
113,11141,High,Low,4.966216216216216,1.3528708076337352,0.8513513513513513,1.6450456020967799,2.0746682380273,0.762564102564103,0.19948717948718,0.792919837468073,0
114,11141,Low,High,5.5675675675675675,1.428690079424996,0.8445945945945946,2.06065364952655,1.9956844286577702,0.8343589743589741,0.22410256410256402,1.032554856838,0
115,11141,Low,Low,5.113333333333333,1.4725683940923773,0.76,1.80857398527571,1.3956159633147498,0.751518218623482,0.296052631578947,1.29589660251531,0
116,11142,High,High,4.570469798657718,1.2719781727064399,0.7583892617449665,1.18928060865018,1.4253726237302,0.661025641025641,0.257591093117409,0.834364704955419,0
117,11142,High,Low,4.082758620689655,1.3387523076962682,0.7655172413793103,1.3986818344043601,1.4309178195110102,0.692827442827443,0.310326659641728,0.977471812380067,0
118,11142,Low,High,4.168918918918919,1.3232513525872491,0.6959459459459459,1.62031132726843,1.01744881097433,0.6543659043659039,0.30414979757085,1.59252368255931,0
119,11142,Low,Low,3.7651006711409396,1.3960919993696734,0.7785234899328859,0.776110169442659,1.5183361395404398,0.64974358974359,0.314271255060729,0.511158332619,0
120,43336,High,High,5.06993006993007,1.3809471106214914,0.6993006993006993,0.889326184942377,1.0523717275422901,0.604166666666667,0.275553213909378,0.84506848831763,0
121,43336,High,Low,4.8321678321678325,1.3117571424954804,0.7412587412587412,0.9091279723681329,1.28039308948598,0.665064102564103,0.29768177028451,0.7100381748648029,0
122,43336,Low,High,4.578231292517007,1.1789925272314576,0.6462585034013606,1.13775772295368,0.7595901862285841,0.594358974358974,0.32172557172557203,1.4978573230424699,0
123,43336,Low,Low,4.8,1.2959820171236058,0.7172413793103448,0.87692053520961,1.1382631785571202,0.648128898128898,0.29768177028451,0.770402268762842,0
124,47203,High,High,3.8666666666666667,1.221151224213827,0.74,1.1846653701993501,1.40029218662883,0.609817813765182,0.277834008097166,0.8460129832270259,0
125,47203,High,Low,4.281879194630872,1.2966306790767703,0.738255033557047,1.6931651265818701,1.41868325634368,0.6158974358974361,0.23532388663967602,1.1934764994306102,0
126,47203,Low,High,3.785234899328859,1.2739974451251328,0.7449664429530202,1.3269426947866,1.4529177952138301,0.589230769230769,0.26265182186234803,0.913295094297688,0
127,47203,Low,Low,3.7094594594594597,1.2410116046958137,0.6621621621621622,1.6087348198110902,0.989309541598136,0.5723684210526321,0.29261954261954304,1.62611877493098,0
128,47284,High,High,4.7622377622377625,1.1985386820015265,0.7832167832167832,1.75884743605889,1.5438989519778201,0.74860646599777,0.269736842105263,1.1392244510599,0
129,47284,High,Low,4.425675675675675,1.2005307030194672,0.7635135135135135,1.4067491146259998,1.42080432127551,0.7246153846153849,0.312307692307692,0.9901075704521399,0
130,47284,Low,High,4.79054054054054,1.188411118237127,0.8040540540540541,1.55861473779623,1.6953348569833502,0.726666666666667,0.244615384615385,0.919355094585626,0
131,47284,Low,Low,4.904761904761905,1.1768052981205983,0.7687074829931972,2.07990754884185,1.46928326382824,0.726666666666667,0.23128898128898104,1.41559330324271,0
132,47542,High,High,5.069767441860465,1.4513308148307258,0.7751937984496124,2.5000344320317596,1.54656517984453,0.747162673392182,0.193956043956044,1.6165076419754199,0
133,47542,High,Low,3.9477611940298507,1.549011641262041,0.7313432835820896,1.32778953535121,1.5699694012991001,0.631549609810479,0.24052812858783,0.845742301889772,0
134,47542,Low,High,4.6992481203007515,1.5523895254300442,0.7368421052631579,2.3905230056367497,1.3009971101925801,0.720436280137773,0.21549773755656101,1.83745450847534,0
135,47542,Low,Low,4.486725663716814,1.5085439184185816,0.7522123893805309,2.54790060148287,1.35810191481693,0.767307692307692,0.25664335664335697,1.87607466986475,0
136,47617,High,High,5.1824324324324325,1.2382392399740638,0.8648648648648649,2.15649632152145,2.2694483987197502,0.747179487179487,0.136923076923077,0.95022928159018,0
137,47617,High,Low,4.95945945945946,1.3300628643482924,0.8243243243243243,2.43426223404756,1.8525125550036396,0.7738461538461541,0.20358974358974397,1.31403278615986,0
138,47617,Low,High,4.782312925170068,1.249973373429384,0.8367346938775511,1.90616643328227,1.9288872605412501,0.7769230769230769,0.240644490644491,0.988220759334266,0
139,47617,Low,Low,4.931972789115647,1.2147493189404486,0.8707482993197279,1.76554956424874,2.2695553790368397,0.7512820512820509,0.18035343035343,0.77792750974775,0
