,Subject,Valence,Arousal,Confidence,RT,dPrime,Accuracy,MetadPrime,Mratio
0,11113,High,High,3.962121212121212,1.802298417664133,1.1109365818344878,0.7089552238805971,1.8428629675192698,1.6588372348637157
1,11113,High,Low,3.7803030303030303,1.6592201048042623,1.3586178242911728,0.7407407407407407,1.43184814339235,1.0539006023562096
2,11113,Low,High,3.2977099236641223,1.9268664578557944,1.064034994752726,0.6992481203007519,1.3045505378978601,1.2260410083608466
3,11113,Low,Low,3.3851851851851853,1.8449612278782297,1.0946468787865897,0.708029197080292,0.9125200832911949,0.8336205044522839
4,11114,High,High,3.6382978723404253,1.5847751786350273,1.2663120247042199,0.7323943661971831,1.17904162656074,0.9310830218453748
5,11114,High,Low,4.069444444444445,1.4892098193522543,1.6308144070856545,0.7916666666666666,1.70463138018753,1.0452638710948048
6,11114,Low,High,3.3472222222222223,1.5367326492414577,1.945685796293154,0.8333333333333334,1.20982696005168,0.621799759424978
7,11114,Low,Low,3.360544217687075,1.575480256869923,1.1319498678446878,0.7074829931972789,1.57770344005597,1.3937926801122635
8,11115,High,High,3.554054054054054,1.7218983724305872,1.2299472966194114,0.7162162162162162,1.5379806934803701,1.250444387094966
9,11115,High,Low,3.4689655172413794,1.6301513608777896,1.2056993681027182,0.7241379310344828,1.4916989401073102,1.237206371315131
10,11115,Low,High,3.1156462585034013,1.7650595761660952,1.064638229474058,0.7006802721088435,0.7324918310512741,0.6880194706263107
11,11115,Low,Low,3.3175675675675675,1.8018818896089213,0.9764143429533609,0.6845637583892618,1.0010217371458499,1.0252017950884036
12,11116,High,High,4.72108843537415,1.362867751304293,1.650814136450922,0.7687074829931972,1.52970569415061,0.926637142470392
13,11116,High,Low,5.061643835616438,1.131214254637598,1.530408074563991,0.7465753424657534,2.0437399684272,1.3354215796394409
14,11116,Low,High,4.831081081081081,1.2637009702302748,1.471126634906333,0.75,1.49172154081814,1.0139994106714805
15,11116,Low,Low,3.865771812080537,1.2517669771623332,1.2554971924537033,0.7181208053691275,1.4181359521274999,1.129541316899276
16,11117,High,High,3.0208333333333335,1.6021210462640738,1.1477774431709256,0.7054794520547946,0.7989157075225141,0.6960545463547156
17,11117,High,Low,2.893617021276596,1.4285404024412856,1.137555183282132,0.7092198581560284,1.2122486128543202,1.0656613680548481
18,11117,Low,High,3.0208333333333335,1.4127474826673279,1.3060807403333383,0.7361111111111112,0.7070113081571031,0.5413228189680368
19,11117,Low,Low,2.6875,1.6272679093963234,1.2208128466089365,0.7291666666666666,1.05925510061302,0.8676637893804304
20,11118,High,High,4.208053691275167,1.308998564723879,1.6478344941812881,0.7919463087248322,2.0305997742296698,1.2322838133319665
21,11118,High,Low,4.285714285714286,1.3412295576854376,1.3519892733709393,0.7364864864864865,2.62076889188026,1.9384539089913408
22,11118,Low,High,3.5547945205479454,1.4572078791679814,1.299938042371176,0.7414965986394558,1.69896690972591,1.306959912202337
23,11118,Low,Low,3.547945205479452,1.3382153005804869,1.7271194240926042,0.7959183673469388,1.6316562432185102,0.944726936920272
28,11120,High,High,4.102739726027397,1.4602369186468422,1.5233891119203693,0.7755102040816326,1.3033902089576002,0.8555858767524991
29,11120,High,Low,4.448275862068965,1.280305839754874,2.0719576479351955,0.8482758620689655,2.03107061773794,0.9802664739609898
30,11120,Low,High,4.033783783783784,1.4559646386333043,1.3113747445789756,0.7432432432432432,1.5073740436415701,1.1494609377470673
31,11120,Low,Low,4.0137931034482754,1.5185917564231204,1.2655273985099127,0.7328767123287672,1.5032457471501597,1.187841329172444
32,11121,High,High,3.7103448275862068,1.629108469200219,1.274762053806449,0.7379310344827587,1.76435312331376,1.3840646715560667
33,11121,High,Low,4.527027027027027,1.517334207197564,1.9842067028652675,0.8378378378378378,1.2673235699531498,0.6387054171942308
34,11121,Low,High,4.1866666666666665,1.6722216715124887,1.2891440701113037,0.74,1.75444367068669,1.360936850553261
35,11121,Low,Low,4.578231292517007,1.5494381315988903,1.7144361607147593,0.7972972972972973,2.0660999592881497,1.2051192144866913
36,11122,High,High,4.606896551724138,1.2922999684010392,1.668166415347975,0.7891156462585034,1.67525063294176,1.0042467091583949
37,11122,High,Low,4.837837837837838,1.377417357592094,1.4928839132865246,0.7702702702702703,1.80798052736079,1.2110657173474344
38,11122,Low,High,4.547297297297297,1.4183806274552353,1.4374096002656245,0.7635135135135135,2.10197156288514,1.4623330486290815
39,11122,Low,Low,4.136054421768708,1.367311637545754,1.2544967860330338,0.7346938775510204,1.9990136098879998,1.593478462554914
40,11123,High,High,4.2885906040268456,1.1249552883273282,1.4899563331171428,0.7516778523489933,1.47771112629181,0.9917814995291072
41,11123,High,Low,4.431506849315069,1.127176836867875,1.2989838804001352,0.726027397260274,2.07388820968592,1.5965465322380177
42,11123,Low,High,4.563758389261745,1.0707485415568954,1.3270983388514899,0.7449664429530202,1.56290618961483,1.1776867952132433
43,11123,Low,Low,4.224489795918367,1.084585340346166,0.9486411507176062,0.6824324324324325,1.26003373460932,1.328251187138739
44,11124,High,High,4.971014492753623,1.2232221081239913,1.700823869250156,0.7986111111111112,1.85836647657931,1.0926272321181674
45,11124,High,Low,4.76595744680851,1.160354409052161,1.6773394681685727,0.7832167832167832,2.27349537552987,1.3554175637518495
46,11124,Low,High,5.006896551724138,1.22348404283548,2.3090571016275945,0.8758620689655172,2.09874138338246,0.9089170561884813
47,11124,Low,Low,4.791946308724833,1.2577514549175248,2.2172335338984994,0.8657718120805369,2.3449460978078505,1.0575999604718216
48,11125,High,High,4.8561643835616435,1.7577926779540576,1.398734946379737,0.7551020408163265,1.3896654247000102,0.9935159111429933
49,11125,High,Low,4.739726027397261,1.6955215099242196,1.036593008317709,0.684931506849315,1.6528632364383302,1.5945151309873955
50,11125,Low,High,5.2,1.6409495863099437,1.7318681208432944,0.8066666666666666,2.06236335053099,1.1908316376461554
51,11125,Low,Low,4.54421768707483,1.7285663461534568,1.2457373051099114,0.7278911564625851,1.03135852572073,0.8279101231778021
56,11127,High,High,4.605633802816901,1.4231681046585436,1.6976003551162477,0.7847222222222222,2.43301482529619,1.4332082447812535
57,11127,High,Low,4.715277777777778,1.3061874537852418,1.9607384015569869,0.8333333333333334,2.4877303873838503,1.268772206128257
58,11127,Low,High,3.9722222222222223,1.4959195687151805,1.2453507425091555,0.7291666666666666,1.96417577314606,1.5772068912799642
59,11127,Low,Low,4.299319727891157,1.5367992698556918,1.7032553537470867,0.8027210884353742,1.87186958325224,1.0989952734533959
60,11128,High,High,3.6,1.4958278115318535,1.0586556021346292,0.7,1.3015534349011002,1.229439897429062
61,11128,High,Low,3.7238805970149254,1.3971740244160171,1.376762812395492,0.753731343283582,1.06250152701213,0.771738978890224
62,11128,Low,High,3.6857142857142855,1.4029683474418562,1.5884665506876314,0.7785714285714286,0.316427879125541,0.19920336313569995
63,11128,Low,Low,2.6564885496183206,1.4163052031835832,0.8100517255087522,0.648854961832061,1.19111555244586,1.4704191287263553
64,11129,High,High,4.76510067114094,1.2385854691528948,1.514812819614407,0.7718120805369127,1.5816589412826398,1.0441283047005427
65,11129,High,Low,4.283783783783784,1.2472280314086674,1.4809439867558505,0.7702702702702703,1.20310491193875,0.8123905581157506
66,11129,Low,High,4.228187919463087,1.2741749056585832,1.1551154541293918,0.7181208053691275,0.998382818417375,0.8643143114814044
67,11129,Low,Low,4.216216216216216,1.295479035761673,0.7679448829495824,0.6486486486486487,1.31685538042027,1.7147785077522615
68,11130,High,High,5.02054794520548,1.2848482369572594,1.788917417434336,0.8013698630136986,2.36551627760369,1.322317203997215
69,11130,High,Low,5.328859060402684,1.166823378069239,1.8838679754053234,0.825503355704698,2.72341885187738,1.4456527142202855
70,11130,Low,High,4.871621621621622,1.3701534552710655,2.0976852234041483,0.8513513513513513,1.7415444427473799,0.8302220101074941
71,11130,Low,Low,4.533783783783784,1.426674622538485,1.7706464667441617,0.8108108108108109,1.9033083846162,1.0749228715972732
72,11131,High,High,3.75,1.2972378319100244,1.4294171610254534,0.7071428571428572,1.1936000697098,0.8350257029610026
73,11131,High,Low,3.764705882352941,1.3785359181056265,1.29718332508256,0.6934306569343066,1.12655431567917,0.8684619158263307
74,11131,Low,High,3.4100719424460433,1.3587334614567226,0.4708958994328377,0.5683453237410072,1.3915762700017198,2.955167525726555
75,11131,Low,Low,3.0208333333333335,1.19471485367103,1.19292364611968,0.6206896551724138,0.973971173491526,0.8164572616693796
76,11132,High,High,4.640287769784172,1.4760111253854118,1.2899717569594986,0.7214285714285714,1.6724518099585601,1.2965026566942661
77,11132,High,Low,5.042253521126761,1.4419285607727943,1.6315608782866082,0.7676056338028169,1.8851519223987099,1.1554284902800633
78,11132,Low,High,4.62962962962963,1.3726443164341615,1.4179582912856334,0.7518248175182481,1.5157178556751,1.0689438927719306
79,11132,Low,Low,4.945205479452055,1.3459809219493764,1.4940984759766263,0.7671232876712328,1.76464020976897,1.1810735625143467
80,11133,High,High,4.837837837837838,1.3436299499298912,1.9231348614193393,0.831081081081081,1.98885340446641,1.034172612834114
81,11133,High,Low,4.863945578231292,1.2745845696335891,2.16068790682024,0.8571428571428571,1.98532907681997,0.9188412035598721
82,11133,Low,High,4.446666666666666,1.3572635473756236,1.4589455510265408,0.7666666666666667,1.79174889155894,1.2281122419532604
83,11133,Low,Low,4.626666666666667,1.459003929499886,1.5056581766672696,0.7733333333333333,1.7503030479249497,1.1624836732857882
84,11134,High,High,5.616438356164384,1.0067409963085083,1.838437008604302,0.815068493150685,2.35779077657303,1.2824974505724342
85,11134,High,Low,5.715277777777778,1.0301590051385574,2.3221353211566518,0.875,2.99381426258322,1.2892505597356858
86,11134,Low,High,5.5,1.0797877579025226,1.9735357052212854,0.8378378378378378,2.14923785273159,1.0890291201955242
87,11134,Low,Low,5.22972972972973,1.082444954517996,1.5701391661296724,0.7718120805369127,2.06597786727448,1.3157928366101646
88,11135,High,High,4.583333333333333,1.6818492558522848,1.6563886764631313,0.7959183673469388,1.8917923425599399,1.1421186159032815
89,11135,High,Low,4.924137931034482,1.4967881318734726,1.5644506356732528,0.7671232876712328,2.0522332179571,1.311791609886069
90,11135,Low,High,3.6433566433566433,1.6630396809487138,1.4338889012051395,0.7517241379310344,1.2855955881621102,0.8965796353410691
91,11135,Low,Low,4.219178082191781,1.5447534621707746,1.499611297021005,0.7671232876712328,1.3960876191776201,0.9309663257078445
92,11136,High,High,4.178082191780822,1.6792228269332554,0.6404991787621821,0.6258503401360545,1.5178835883866102,2.3698447066240527
93,11136,High,Low,4.102739726027397,1.6073639923051815,1.5064960202125546,0.773972602739726,1.62948178654742,1.0816369672968091
94,11136,Low,High,4.0137931034482754,1.6071189001668245,1.18982374572786,0.7241379310344828,1.5509636809832201,1.3035238929732715
95,11136,Low,Low,3.9047619047619047,1.6377255834086102,1.3384089292123977,0.7482993197278912,1.34043877237089,1.0015166090977043
96,11137,High,High,3.2266666666666666,1.5807089335939963,1.6936131239080017,0.7933333333333333,1.2558207849736,0.7415039286397365
97,11137,High,Low,3.363013698630137,1.457660892556305,1.4180862847579225,0.7602739726027398,1.87013727432595,1.3187753766655994
98,11137,Low,High,2.6577181208053693,1.711028429781436,1.2395807171777786,0.7315436241610739,1.0979569038330699,0.885748615332488
99,11137,Low,Low,2.7635135135135136,1.6585516630439088,1.116033555252128,0.7094594594594594,0.874288000089215,0.7833886319768412
104,11139,High,High,4.02027027027027,1.1158354530343786,1.6964153935915578,0.7837837837837838,1.83561215131073,1.0820534629932073
105,11139,High,Low,4.423611111111111,1.1237356798083056,1.8100833446638909,0.7986111111111112,1.76926113164025,0.9774473296249123
106,11139,Low,High,3.1476510067114094,1.1905518080602633,1.4899993446557063,0.7449664429530202,0.904645345037182,0.6071447939101061
107,11139,Low,Low,3.2684563758389262,1.2057093746989267,1.1426561876767087,0.6778523489932886,1.72504659436366,1.5096812260484838
108,11140,High,High,3.1338028169014085,1.5762379318548483,1.3672278489350091,0.7152777777777778,1.69111167823008,1.2368908953598023
109,11140,High,Low,2.6808510638297873,1.5423395071557024,1.3157079005428258,0.7092198581560284,1.09884418734394,0.8351733594444378
110,11140,Low,High,2.7902097902097904,1.511677325281198,1.2155187639853648,0.6758620689655173,0.955511156207598,0.7860932998473256
111,11140,Low,Low,2.510344827586207,1.3685545819316758,1.7803999417898704,0.6643835616438356,1.0890511086868,0.6116890273496391
112,11141,High,High,5.048951048951049,1.4475403961841948,1.852042243087111,0.8125,1.5415656306963101,0.8323598646036944
113,11141,High,Low,4.966216216216216,1.3541482406435534,2.125339906358344,0.8523489932885906,1.6629359069180603,0.7824329190559509
114,11141,Low,High,5.5675675675675675,1.428690079424996,2.0344116793583553,0.8445945945945946,2.04868411136583,1.0070155082927839
115,11141,Low,Low,5.113333333333333,1.4725683940923773,1.4178343311422734,0.76,1.80590343628263,1.273705535700853
116,11142,High,High,4.570469798657718,1.2719781727064399,1.4500981969476325,0.7583892617449665,1.18231615147529,0.8153352331338614
117,11142,High,Low,4.082758620689655,1.3352162761730142,1.465594412471448,0.7671232876712328,1.4405649842480701,0.9829219953280455
118,11142,Low,High,4.168918918918919,1.3232513525872491,1.0327672356894548,0.6959459459459459,1.56625520949371,1.5165616756307236
119,11142,Low,Low,3.7651006711409396,1.3960919993696734,1.5436234982419155,0.7785234899328859,0.772267508490447,0.5002952529357115
120,43336,High,High,5.06993006993007,1.3809471106214914,1.0694507264772324,0.6993006993006993,0.8885762520469479,0.8308716147904406
121,43336,High,Low,4.8321678321678325,1.3117571424954804,1.3013019278877147,0.7412587412587412,0.8415942474173579,0.6467324987241365
122,43336,Low,High,4.578231292517007,1.1789925272314576,0.7710267565068849,0.6462585034013606,1.13826768850005,1.4763011515410176
123,43336,Low,Low,4.8,1.2905638290467323,1.124035041369202,0.7123287671232876,0.886604540459068,0.7887694847832175
124,47203,High,High,3.8666666666666667,1.221151224213827,1.42833389520189,0.74,1.17319728353878,0.8213746712024591
125,47203,High,Low,4.281879194630872,1.2966306790767703,1.4491117053418896,0.738255033557047,1.70175312540129,1.1743422671475796
126,47203,Low,High,3.785234899328859,1.2739974451251328,1.4838319494431664,0.7449664429530202,1.26010417294419,0.8492229685558839
127,47203,Low,Low,3.7094594594594597,1.2410116046958137,1.010308081687758,0.6621621621621622,1.62614387975548,1.6095524812975313
128,47284,High,High,4.7622377622377625,1.1985386820015265,1.5706615420730357,0.7832167832167832,1.66476745428907,1.0599148255020168
129,47284,High,Low,4.425675675675675,1.2005307030194672,1.4440020637160673,0.7635135135135135,1.3881852634139198,0.9613457614052809
130,47284,Low,High,4.79054054054054,1.18117301951861,1.7341951026236428,0.8053691275167785,1.57204137892175,0.9064962624697922
131,47284,Low,Low,4.904761904761905,1.1768052981205983,1.4943359565031435,0.7687074829931972,2.15687471307929,1.4433666697859135
132,47542,High,High,5.069767441860465,1.4513308148307258,1.6115068845456393,0.7786259541984732,2.56798493881933,1.5935302315158073
133,47542,High,Low,3.9477611940298507,1.5297327270600365,1.5331175246431554,0.7279411764705882,1.3393964039133999,0.8736423544732191
134,47542,Low,High,4.6992481203007515,1.5425439530736185,1.3646229358187296,0.7426470588235294,2.46036401867202,1.802962528396814
135,47542,Low,Low,4.486725663716814,1.5085439184185816,1.346119986607341,0.7435897435897436,2.54571190669826,1.8911478412219995
